8.887622e-01 2.971028e-03 4.583590e-01 1.274434e-01 1.470085e-02 9.992798e-01 -3.498229e-02 6.557598e-02 -4.581329e-01 3.782921e-02 8.880784e-01 2.432353e-01
8.810635e-01 -4.004369e-03 4.729810e-01 7.110304e-01 2.383736e-02 9.990694e-01 -3.594560e-02 2.007760e-02 -4.723969e-01 4.294498e-02 8.803391e-01 1.304487e+00
9.063272e-01 -1.666557e-03 4.225733e-01 1.258073e+00 2.030715e-02 9.990087e-01 -3.961446e-02 -3.417124e-02 -4.220884e-01 4.448493e-02 9.054626e-01 2.508262e+00
9.370689e-01 -1.518143e-03 3.491412e-01 1.756124e+00 1.672620e-02 9.990376e-01 -4.054784e-02 -7.660146e-02 -3.487436e-01 4.383592e-02 9.361925e-01 3.913253e+00
9.562556e-01 -2.114319e-03 2.925248e-01 2.224723e+00 1.472552e-02 9.990541e-01 -4.091635e-02 -1.436745e-01 -2.921616e-01 4.343407e-02 9.553822e-01 5.543641e+00
9.657997e-01 -2.322083e-03 2.592790e-01 2.717806e+00 1.552190e-02 9.986843e-01 -4.887407e-02 -2.176244e-01 -2.588244e-01 5.122707e-02 9.645651e-01 7.382550e+00
9.696763e-01 -1.019467e-02 2.441802e-01 2.988072e+00 2.369701e-02 9.983438e-01 -5.242294e-02 -2.540003e-01 -2.432414e-01 5.661963e-02 9.683119e-01 8.402612e+00
9.740530e-01 -5.246889e-03 2.262594e-01 3.210230e+00 1.881904e-02 9.981467e-01 -5.786977e-02 -3.235688e-01 -2.255364e-01 6.062621e-02 9.723465e-01 9.449303e+00
9.778814e-01 -2.101344e-03 2.091495e-01 3.446516e+00 1.577552e-02 9.978423e-01 -6.373326e-02 -3.720790e-01 -2.085643e-01 6.562302e-02 9.758046e-01 1.057415e+01
9.811464e-01 -2.533563e-03 1.932495e-01 3.666600e+00 1.596505e-02 9.975591e-01 -6.797781e-02 -4.576527e-01 -1.926055e-01 6.978143e-02 9.787919e-01 1.176191e+01
9.843222e-01 -5.213948e-04 1.763791e-01 3.873534e+00 1.422358e-02 9.969734e-01 -7.643068e-02 -5.313807e-01 -1.758054e-01 7.774116e-02 9.813505e-01 1.298615e+01
9.862011e-01 4.491159e-03 1.654911e-01 4.066539e+00 1.080473e-02 9.957546e-01 -9.141115e-02 -6.265827e-01 -1.651991e-01 9.193786e-02 9.819657e-01 1.425466e+01
9.875679e-01 1.284467e-02 1.566673e-01 4.260647e+00 4.267010e-03 9.940981e-01 -1.084005e-01 -7.473742e-01 -1.571351e-01 1.077214e-01 9.816846e-01 1.559077e+01
9.889828e-01 2.178465e-02 1.464189e-01 4.453612e+00 -3.860897e-03 9.925717e-01 -1.215995e-01 -8.944493e-01 -1.479803e-01 1.196945e-01 9.817205e-01 1.697527e+01
9.903153e-01 3.034565e-02 1.354794e-01 4.622738e+00 -1.225339e-02 9.911168e-01 -1.324287e-01 -1.064005e+00 -1.382946e-01 1.294861e-01 9.818900e-01 1.839569e+01
9.914588e-01 3.671398e-02 1.251464e-01 4.796028e+00 -1.935502e-02 9.903542e-01 -1.372005e-01 -1.246785e+00 -1.289764e-01 1.336064e-01 9.826059e-01 1.989159e+01
9.930580e-01 3.704600e-02 1.116394e-01 4.966103e+00 -2.175233e-02 9.905771e-01 -1.352174e-01 -1.446820e+00 -1.155967e-01 1.318504e-01 9.845064e-01 2.142225e+01
9.947058e-01 3.694352e-02 9.589340e-02 5.115984e+00 -2.422656e-02 9.911467e-01 -1.305423e-01 -1.647637e+00 -9.986713e-02 1.275281e-01 9.867944e-01 2.299598e+01
9.962086e-01 3.768539e-02 7.841042e-02 5.238524e+00 -2.810576e-02 9.923911e-01 -1.198750e-01 -1.838506e+00 -8.233135e-02 1.172167e-01 9.896877e-01 2.461924e+01
9.975051e-01 3.770894e-02 5.967937e-02 5.323094e+00 -3.069619e-02 9.929666e-01 -1.143462e-01 -2.021069e+00 -6.357150e-02 1.122290e-01 9.916468e-01 2.628768e+01
9.985040e-01 3.707269e-02 4.019159e-02 5.376289e+00 -3.234607e-02 9.931287e-01 -1.124681e-01 -2.201409e+00 -4.408492e-02 1.109998e-01 9.928422e-01 2.797209e+01
9.991013e-01 3.616240e-02 2.211204e-02 5.416879e+00 -3.356321e-02 9.935456e-01 -1.083546e-01 -2.379623e+00 -2.588768e-02 1.075151e-01 9.938664e-01 2.971582e+01
9.993651e-01 3.519028e-02 5.577405e-03 5.421624e+00 -3.446380e-02 9.944650e-01 -9.925550e-02 -2.536192e+00 -9.039364e-03 9.900027e-02 9.950463e-01 3.150045e+01
9.994794e-01 3.037236e-02 -1.088451e-02 5.398973e+00 -3.125065e-02 9.952185e-01 -9.253907e-02 -2.707770e+00 8.021836e-03 9.283105e-02 9.956496e-01 3.333180e+01
9.993041e-01 2.823478e-02 -2.437297e-02 5.347983e+00 -3.030941e-02 9.955317e-01 -8.943110e-02 -2.866228e+00 2.173899e-02 9.010761e-02 9.956948e-01 3.520873e+01
9.990531e-01 2.381069e-02 -3.641410e-02 5.270816e+00 -2.691655e-02 9.958158e-01 -8.732880e-02 -3.026687e+00 3.418238e-02 8.822626e-02 9.955138e-01 3.714123e+01
9.987593e-01 2.379280e-02 -4.374666e-02 5.176079e+00 -2.756495e-02 9.957610e-01 -8.775098e-02 -3.182803e+00 4.147338e-02 8.884798e-02 9.951814e-01 3.911538e+01
9.987162e-01 2.301067e-02 -4.512686e-02 5.073781e+00 -2.681524e-02 9.959686e-01 -8.560131e-02 -3.338285e+00 4.297519e-02 8.670151e-02 9.953070e-01 4.115179e+01
9.987086e-01 1.919485e-02 -4.703870e-02 4.975247e+00 -2.316084e-02 9.960883e-01 -8.527377e-02 -3.505664e+00 4.521788e-02 8.625311e-02 9.952466e-01 4.323730e+01
9.984743e-01 1.578861e-02 -5.291305e-02 4.860800e+00 -2.021266e-02 9.962484e-01 -8.414651e-02 -3.665175e+00 5.138598e-02 8.508765e-02 9.950475e-01 4.536386e+01
9.980029e-01 1.346828e-02 -6.171589e-02 4.732872e+00 -1.820687e-02 9.968746e-01 -7.687358e-02 -3.830373e+00 6.048765e-02 7.784371e-02 9.951289e-01 4.751454e+01
9.967463e-01 7.360999e-03 -8.026564e-02 4.566782e+00 -1.342374e-02 9.970738e-01 -7.525768e-02 -3.994909e+00 7.947679e-02 7.609029e-02 9.939284e-01 4.963569e+01
9.946797e-01 5.666230e-03 -1.028597e-01 4.362368e+00 -1.377813e-02 9.968326e-01 -7.832558e-02 -4.152392e+00 1.020901e-01 7.932608e-02 9.916073e-01 5.174750e+01
9.923089e-01 9.693616e-03 -1.234059e-01 4.089581e+00 -1.841423e-02 9.973964e-01 -6.972292e-02 -4.303522e+00 1.224088e-01 7.145910e-02 9.899039e-01 5.388897e+01
9.905876e-01 8.180138e-03 -1.366358e-01 3.774867e+00 -1.831537e-02 9.971575e-01 -7.308549e-02 -4.456556e+00 1.356495e-01 7.490011e-02 9.879216e-01 5.598921e+01
9.890235e-01 9.287421e-03 -1.474662e-01 3.452701e+00 -2.160756e-02 9.963845e-01 -8.216487e-02 -4.617900e+00 1.461699e-01 8.444937e-02 9.856483e-01 5.809813e+01
9.873832e-01 1.050044e-02 -1.580004e-01 3.106907e+00 -2.250202e-02 9.969773e-01 -7.436322e-02 -4.770738e+00 1.567420e-01 7.698032e-02 9.846350e-01 6.022096e+01
9.856812e-01 1.033449e-02 -1.683028e-01 2.739001e+00 -2.247647e-02 9.972656e-01 -7.039927e-02 -4.930579e+00 1.671151e-01 7.317409e-02 9.832182e-01 6.234886e+01
9.833904e-01 7.122340e-03 -1.813634e-01 2.338330e+00 -2.078446e-02 9.970756e-01 -7.354146e-02 -5.082557e+00 1.803092e-01 7.608951e-02 9.806625e-01 6.445727e+01
9.807445e-01 6.053110e-03 -1.952016e-01 1.909424e+00 -2.080373e-02 9.970705e-01 -7.360473e-02 -5.236110e+00 1.941842e-01 7.624835e-02 9.779973e-01 6.659834e+01
9.774626e-01 5.219326e-03 -2.110440e-01 1.445481e+00 -2.119056e-02 9.970710e-01 -7.348677e-02 -5.391693e+00 2.100423e-01 7.630271e-02 9.747103e-01 6.872604e+01
9.737225e-01 2.960794e-03 -2.277183e-01 9.390339e-01 -2.054151e-02 9.969815e-01 -7.487263e-02 -5.548569e+00 2.268093e-01 7.758285e-02 9.708442e-01 7.085885e+01
9.692618e-01 -9.852511e-05 -2.460316e-01 3.948783e-01 -1.936638e-02 9.968665e-01 -7.669466e-02 -5.708187e+00 2.452682e-01 7.910195e-02 9.662227e-01 7.298770e+01
9.645186e-01 -8.754395e-04 -2.640135e-01 -1.671864e-01 -1.986385e-02 9.969195e-01 -7.587413e-02 -5.864783e+00 2.632666e-01 7.842633e-02 9.615300e-01 7.513146e+01
9.594111e-01 -4.611435e-03 -2.819734e-01 -7.949008e-01 -1.734073e-02 9.970096e-01 -7.530687e-02 -6.028673e+00 2.814775e-01 7.713988e-02 9.564622e-01 7.727336e+01
9.538049e-01 -4.975334e-03 -3.003855e-01 -1.500810e+00 -1.874329e-02 9.969296e-01 -7.602730e-02 -6.194086e+00 2.998415e-01 7.814543e-02 9.507830e-01 7.942334e+01
9.493072e-01 -3.649042e-03 -3.143286e-01 -2.218976e+00 -2.107090e-02 9.969451e-01 -7.520998e-02 -6.353693e+00 3.136428e-01 7.802057e-02 9.463303e-01 8.157310e+01
9.447942e-01 -6.228027e-03 -3.276051e-01 -2.983942e+00 -2.036181e-02 9.967710e-01 -7.767167e-02 -6.527890e+00 3.270310e-01 8.005438e-02 9.416167e-01 8.373751e+01
9.401209e-01 -7.035058e-03 -3.407685e-01 -3.755582e+00 -2.182875e-02 9.964918e-01 -8.079397e-02 -6.696404e+00 3.401414e-01 8.339466e-02 9.366692e-01 8.589357e+01
9.353791e-01 -8.366568e-03 -3.535476e-01 -4.587784e+00 -2.088525e-02 9.966683e-01 -7.884177e-02 -6.871697e+00 3.530293e-01 8.113088e-02 9.320880e-01 8.808378e+01
9.302785e-01 -1.018153e-02 -3.667128e-01 -5.437941e+00 -2.018206e-02 9.966806e-01 -7.887009e-02 -7.047244e+00 3.662986e-01 8.077217e-02 9.269850e-01 9.025645e+01
9.261159e-01 -1.234412e-02 -3.770371e-01 -6.340530e+00 -1.871431e-02 9.967305e-01 -7.860069e-02 -7.223130e+00 3.767747e-01 7.984934e-02 9.228569e-01 9.245849e+01
9.219837e-01 -2.005434e-02 -3.867091e-01 -7.271181e+00 -1.254457e-02 9.965870e-01 -8.159047e-02 -7.411117e+00 3.870256e-01 8.007618e-02 9.185853e-01 9.466767e+01
9.161448e-01 -2.849549e-02 -3.998334e-01 -8.194936e+00 -5.468786e-03 9.964887e-01 -8.354886e-02 -7.588599e+00 4.008103e-01 7.872946e-02 9.127720e-01 9.686898e+01
9.069741e-01 -3.547678e-02 -4.196897e-01 -9.188956e+00 6.011993e-04 9.965543e-01 -8.294047e-02 -7.791205e+00 4.211861e-01 7.497254e-02 9.038702e-01 9.907056e+01
8.968556e-01 -3.663096e-02 -4.408040e-01 -1.027417e+01 1.803267e-03 9.968595e-01 -7.917045e-02 -7.982637e+00 4.423198e-01 7.020958e-02 8.941051e-01 1.012791e+02
8.858232e-01 -4.016504e-02 -4.622814e-01 -1.141021e+01 2.373990e-03 9.966260e-01 -8.204222e-02 -8.169723e+00 4.640169e-01 7.157745e-02 8.829298e-01 1.034508e+02
8.744021e-01 -4.306652e-02 -4.832869e-01 -1.259981e+01 3.309320e-03 9.965592e-01 -8.281758e-02 -8.356647e+00 4.851908e-01 7.081652e-02 8.715360e-01 1.056280e+02
8.618433e-01 -4.496256e-02 -5.051777e-01 -1.384928e+01 4.312088e-03 9.966762e-01 -8.135110e-02 -8.557078e+00 5.071564e-01 6.793353e-02 8.591725e-01 1.077901e+02
8.491946e-01 -4.570048e-02 -5.260988e-01 -1.516489e+01 2.578335e-03 9.965952e-01 -8.240919e-02 -8.755656e+00 5.280737e-01 6.862499e-02 8.464212e-01 1.099196e+02
8.369912e-01 -4.585805e-02 -5.452915e-01 -1.654195e+01 -1.077739e-04 9.964686e-01 -8.396668e-02 -8.954588e+00 5.472164e-01 7.033814e-02 8.340305e-01 1.120126e+02
8.263633e-01 -4.430760e-02 -5.613915e-01 -1.795593e+01 -1.466361e-03 9.967272e-01 -8.082477e-02 -9.149222e+00 5.631354e-01 6.761383e-02 8.235939e-01 1.141017e+02
8.162322e-01 -4.791866e-02 -5.757332e-01 -1.943354e+01 1.230267e-03 9.966961e-01 -8.121150e-02 -9.344572e+00 5.777227e-01 6.557914e-02 8.135944e-01 1.161754e+02
8.077442e-01 -5.367658e-02 -5.870844e-01 -2.092323e+01 4.183005e-03 9.963431e-01 -8.533950e-02 -9.552798e+00 5.895183e-01 6.647672e-02 8.050149e-01 1.182439e+02
8.008639e-01 -5.796389e-02 -5.960345e-01 -2.243646e+01 6.418790e-03 9.960783e-01 -8.824320e-02 -9.771860e+00 5.988120e-01 6.684498e-02 7.980952e-01 1.202807e+02
7.955109e-01 -5.858248e-02 -6.031007e-01 -2.396323e+01 1.090931e-02 9.965388e-01 -8.240951e-02 -9.983991e+00 6.058411e-01 5.897825e-02 7.933966e-01 1.222939e+02
7.908459e-01 -6.021508e-02 -6.090458e-01 -2.548745e+01 1.516352e-02 9.967705e-01 -7.885877e-02 -1.018974e+01 6.118274e-01 5.312986e-02 7.892049e-01 1.242578e+02
7.873863e-01 -6.093177e-02 -6.134412e-01 -2.703610e+01 1.810456e-02 9.969596e-01 -7.578759e-02 -1.039058e+01 6.161940e-01 4.856803e-02 7.860955e-01 1.262336e+02
7.843475e-01 -6.270594e-02 -6.171442e-01 -2.855503e+01 2.121809e-02 9.970075e-01 -7.433585e-02 -1.058229e+01 6.199588e-01 4.521051e-02 7.833308e-01 1.281683e+02
7.815463e-01 -6.526715e-02 -6.204237e-01 -3.007136e+01 2.731063e-02 9.971383e-01 -7.049353e-02 -1.076156e+01 6.232491e-01 3.814980e-02 7.810923e-01 1.300586e+02
7.794049e-01 -6.787096e-02 -6.228335e-01 -3.154239e+01 3.029258e-02 9.970347e-01 -7.074045e-02 -1.094204e+01 6.257878e-01 3.626822e-02 7.791497e-01 1.319075e+02
7.792355e-01 -6.950641e-02 -6.228650e-01 -3.300086e+01 3.115608e-02 9.968985e-01 -7.226754e-02 -1.112262e+01 6.259564e-01 3.690740e-02 7.789843e-01 1.336963e+02
7.835692e-01 -6.689495e-02 -6.176928e-01 -3.442640e+01 2.731271e-02 9.969345e-01 -7.331878e-02 -1.129768e+01 6.207040e-01 4.057947e-02 7.829942e-01 1.354533e+02
7.909532e-01 -6.542031e-02 -6.083693e-01 -3.580864e+01 2.498938e-02 9.968921e-01 -7.471047e-02 -1.146881e+01 6.113662e-01 4.388972e-02 7.901298e-01 1.372037e+02
8.021994e-01 -6.294586e-02 -5.937288e-01 -3.715817e+01 2.355475e-02 9.969894e-01 -7.387336e-02 -1.163453e+01 5.965914e-01 4.527603e-02 8.012670e-01 1.389569e+02
8.143726e-01 -6.177016e-02 -5.770456e-01 -3.846433e+01 2.352893e-02 9.970161e-01 -7.352022e-02 -1.179864e+01 5.798652e-01 4.629559e-02 8.133960e-01 1.407432e+02
8.269673e-01 -6.175556e-02 -5.588482e-01 -3.971090e+01 2.265800e-02 9.968026e-01 -7.662309e-02 -1.196669e+01 5.617934e-01 5.070241e-02 8.257224e-01 1.425374e+02
8.425659e-01 -5.709719e-02 -5.355581e-01 -4.090583e+01 1.816181e-02 9.968114e-01 -7.769951e-02 -1.213480e+01 5.382869e-01 5.574026e-02 8.409163e-01 1.443404e+02
8.579163e-01 -5.173896e-02 -5.111777e-01 -4.202257e+01 1.563593e-02 9.970851e-01 -7.467820e-02 -1.229538e+01 5.135515e-01 5.607491e-02 8.562246e-01 1.461690e+02
8.719632e-01 -5.053583e-02 -4.869561e-01 -4.308857e+01 1.603678e-02 9.970727e-01 -7.475911e-02 -1.245473e+01 4.893087e-01 5.737799e-02 8.702211e-01 1.480106e+02
8.849211e-01 -5.260777e-02 -4.627602e-01 -4.408051e+01 1.924360e-02 9.968816e-01 -7.652918e-02 -1.262271e+01 4.653432e-01 5.881712e-02 8.831740e-01 1.498698e+02
8.968103e-01 -4.915952e-02 -4.396755e-01 -4.500620e+01 1.805417e-02 9.970461e-01 -7.465310e-02 -1.279070e+01 4.420467e-01 5.901169e-02 8.950488e-01 1.517170e+02
9.073568e-01 -4.696644e-02 -4.177293e-01 -4.588779e+01 1.878362e-02 9.972762e-01 -7.132627e-02 -1.294319e+01 4.199414e-01 5.687192e-02 9.057675e-01 1.535516e+02
9.179481e-01 -4.381495e-02 -3.942734e-01 -4.668903e+01 1.624894e-02 9.972006e-01 -7.298643e-02 -1.309640e+01 3.963676e-01 6.059123e-02 9.160903e-01 1.553759e+02
9.274270e-01 -4.092981e-02 -3.717579e-01 -4.743663e+01 1.562969e-02 9.973669e-01 -7.081664e-02 -1.324282e+01 3.736775e-01 5.986681e-02 9.256247e-01 1.571802e+02
9.354684e-01 -3.929966e-02 -3.512183e-01 -4.813680e+01 1.629426e-02 9.975372e-01 -6.821999e-02 -1.338306e+01 3.530344e-01 5.809481e-02 9.338050e-01 1.589929e+02
9.426403e-01 -3.719457e-02 -3.317316e-01 -4.877485e+01 1.557082e-02 9.975905e-01 -6.760668e-02 -1.352039e+01 3.334469e-01 5.856345e-02 9.409482e-01 1.607630e+02
9.493132e-01 -3.219445e-02 -3.126786e-01 -4.936424e+01 1.345420e-02 9.979911e-01 -6.190872e-02 -1.364779e+01 3.140436e-01 5.456393e-02 9.478393e-01 1.625212e+02
9.555580e-01 -2.986774e-02 -2.932863e-01 -4.991920e+01 1.255449e-02 9.980748e-01 -6.073822e-02 -1.376954e+01 2.945358e-01 5.435683e-02 9.540933e-01 1.642595e+02
9.625196e-01 -2.464703e-02 -2.700900e-01 -5.042357e+01 9.881828e-03 9.983879e-01 -5.589189e-02 -1.387843e+01 2.710322e-01 5.112806e-02 9.612115e-01 1.659489e+02
9.700322e-01 -1.976588e-02 -2.421709e-01 -5.086892e+01 7.395670e-03 9.986258e-01 -5.188353e-02 -1.397805e+01 2.428637e-01 4.853768e-02 9.688454e-01 1.676390e+02
9.770894e-01 -1.745645e-02 -2.121123e-01 -5.124274e+01 6.032944e-03 9.985019e-01 -5.438429e-02 -1.407186e+01 2.127439e-01 5.185865e-02 9.757309e-01 1.692874e+02
9.836020e-01 -1.493405e-02 -1.797335e-01 -5.155928e+01 5.541308e-03 9.985977e-01 -5.264831e-02 -1.416731e+01 1.802677e-01 5.078903e-02 9.823055e-01 1.709567e+02
9.889429e-01 -1.330655e-02 -1.476984e-01 -5.183471e+01 6.275012e-03 9.988290e-01 -4.797168e-02 -1.425093e+01 1.481638e-01 4.651445e-02 9.878684e-01 1.726100e+02
9.929061e-01 -1.267595e-02 -1.182236e-01 -5.201792e+01 7.583783e-03 9.990280e-01 -4.342316e-02 -1.432564e+01 1.186591e-01 4.221854e-02 9.920371e-01 1.742758e+02
9.956856e-01 -1.322852e-02 -9.184343e-02 -5.217857e+01 9.426255e-03 9.990853e-01 -4.171048e-02 -1.440200e+01 9.231119e-02 4.066478e-02 9.948995e-01 1.759581e+02
9.977188e-01 -1.060568e-02 -6.666887e-02 -5.233792e+01 7.910436e-03 9.991457e-01 -4.056207e-02 -1.447226e+01 6.704211e-02 3.994216e-02 9.969503e-01 1.776449e+02
9.990074e-01 -9.805408e-03 -4.345130e-02 -5.239802e+01 8.062630e-03 9.991630e-01 -4.010405e-02 -1.452732e+01 4.380817e-02 3.971392e-02 9.982503e-01 1.793455e+02
9.996638e-01 -1.043713e-02 -2.373321e-02 -5.243171e+01 9.450477e-03 9.991016e-01 -4.131151e-02 -1.459950e+01 2.414306e-02 4.107334e-02 9.988644e-01 1.810834e+02
9.999136e-01 -9.695765e-03 -8.880728e-03 -5.247236e+01 9.354612e-03 9.992460e-01 -3.768285e-02 -1.466551e+01 9.239396e-03 3.759652e-02 9.992503e-01 1.828476e+02
9.999714e-01 -5.871105e-03 4.764163e-03 -5.247528e+01 6.015473e-03 9.995051e-01 -3.087663e-02 -1.472504e+01 -4.580525e-03 3.090441e-02 9.995118e-01 1.846443e+02
9.998078e-01 -2.334736e-03 1.946753e-02 -5.244857e+01 2.844839e-03 9.996522e-01 -2.621637e-02 -1.476433e+01 -1.939956e-02 2.626671e-02 9.994667e-01 1.865025e+02
9.993872e-01 -2.569649e-03 3.490816e-02 -5.239226e+01 3.322329e-03 9.997629e-01 -2.152083e-02 -1.480030e+01 -3.484458e-02 2.162362e-02 9.991588e-01 1.883919e+02
9.986249e-01 -3.880208e-03 5.228034e-02 -5.229636e+01 4.945638e-03 9.997824e-01 -2.026524e-02 -1.482351e+01 -5.219033e-02 2.049594e-02 9.984268e-01 1.903337e+02
9.972346e-01 -6.936253e-03 7.399299e-02 -5.216277e+01 8.561878e-03 9.997284e-01 -2.167545e-02 -1.486483e+01 -7.382255e-02 2.224903e-02 9.970232e-01 1.923300e+02
9.949925e-01 -4.872411e-03 9.983046e-02 -5.198736e+01 7.265161e-03 9.996946e-01 -2.361862e-02 -1.491667e+01 -9.968491e-02 2.422563e-02 9.947241e-01 1.943462e+02
9.908092e-01 1.325329e-03 1.352603e-01 -5.175872e+01 1.477422e-03 9.997863e-01 -2.061868e-02 -1.494665e+01 -1.352587e-01 2.062902e-02 9.905955e-01 1.964079e+02
9.841394e-01 5.841424e-03 1.773006e-01 -5.141404e+01 -2.773937e-03 9.998422e-01 -1.754401e-02 -1.498400e+01 -1.773751e-01 1.677393e-02 9.840004e-01 1.985123e+02
9.748551e-01 7.177753e-03 2.227242e-01 -5.096093e+01 -4.259969e-03 9.998987e-01 -1.357811e-02 -1.500537e+01 -2.227991e-01 1.228790e-02 9.747869e-01 2.006600e+02
9.640708e-01 8.102466e-03 2.655220e-01 -5.039575e+01 -6.808691e-03 9.999600e-01 -5.792675e-03 -1.502347e+01 -2.655583e-01 3.776692e-03 9.640874e-01 2.028247e+02
9.512126e-01 9.883265e-03 3.083777e-01 -4.974837e+01 -9.782565e-03 9.999504e-01 -1.872627e-03 -1.502901e+01 -3.083810e-01 -1.235458e-03 9.512621e-01 2.050072e+02
9.372640e-01 1.153322e-02 3.484297e-01 -4.896900e+01 -1.064436e-02 9.999334e-01 -4.465388e-03 -1.501857e+01 -3.484580e-01 4.764368e-04 9.373243e-01 2.071795e+02
9.226208e-01 9.826353e-03 3.855829e-01 -4.807510e+01 -1.009587e-02 9.999482e-01 -1.325739e-03 -1.502096e+01 -3.855760e-01 -2.669641e-03 9.226722e-01 2.094047e+02
9.055576e-01 1.068410e-02 4.240887e-01 -4.709413e+01 -1.210891e-02 9.999265e-01 6.649421e-04 -1.502100e+01 -4.240505e-01 -5.737394e-03 9.056204e-01 2.116224e+02
8.873754e-01 1.287394e-02 4.608678e-01 -4.599753e+01 -1.508964e-02 9.998855e-01 1.123342e-03 -1.501334e+01 -4.608006e-01 -7.951155e-03 8.874681e-01 2.138456e+02
8.687877e-01 1.556200e-02 4.949402e-01 -4.479962e+01 -1.700710e-02 9.998541e-01 -1.584382e-03 -1.500084e+01 -4.948927e-01 -7.041006e-03 8.689256e-01 2.160498e+02
8.495284e-01 1.970286e-02 5.271748e-01 -4.348453e+01 -1.957702e-02 9.997914e-01 -5.818789e-03 -1.499314e+01 -5.271795e-01 -5.377283e-03 8.497369e-01 2.182677e+02
8.280323e-01 2.416441e-02 5.601595e-01 -4.205755e+01 -2.006551e-02 9.997080e-01 -1.346484e-02 -1.501352e+01 -5.603213e-01 -9.056238e-05 8.282754e-01 2.204662e+02
8.080325e-01 3.244758e-02 5.882437e-01 -4.051778e+01 -2.210323e-02 9.994488e-01 -2.476792e-02 -1.505299e+01 -5.887232e-01 7.011205e-03 8.083043e-01 2.226432e+02
7.864666e-01 3.902966e-02 6.163983e-01 -3.889805e+01 -2.512617e-02 9.991970e-01 -3.120941e-02 -1.512040e+01 -6.171215e-01 9.057427e-03 7.868157e-01 2.248050e+02
7.642703e-01 3.877520e-02 6.437293e-01 -3.715907e+01 -2.369843e-02 9.992052e-01 -3.205133e-02 -1.518444e+01 -6.444605e-01 9.240505e-03 7.645818e-01 2.269316e+02
7.408005e-01 4.301905e-02 6.703461e-01 -3.532374e+01 -2.138001e-02 9.989516e-01 -4.048002e-02 -1.529182e+01 -6.713848e-01 1.565562e-02 7.409436e-01 2.290256e+02
7.167379e-01 4.635114e-02 6.958005e-01 -3.339382e+01 -2.469700e-02 9.988498e-01 -4.109878e-02 -1.540167e+01 -6.969052e-01 1.227286e-02 7.170582e-01 2.311015e+02
6.910999e-01 5.279922e-02 7.208281e-01 -3.138608e+01 -2.704013e-02 9.985187e-01 -4.721456e-02 -1.550220e+01 -7.222533e-01 1.313869e-02 6.915039e-01 2.331093e+02
6.639890e-01 5.668787e-02 7.455904e-01 -2.928453e+01 -2.438203e-02 9.982333e-01 -5.418299e-02 -1.563334e+01 -7.473447e-01 1.779790e-02 6.641981e-01 2.350495e+02
6.300261e-01 6.568785e-02 7.737908e-01 -2.708842e+01 -2.583559e-02 9.976375e-01 -6.365489e-02 -1.580765e+01 -7.761441e-01 2.011291e-02 6.302348e-01 2.369266e+02
5.874927e-01 7.175545e-02 8.060418e-01 -2.479724e+01 -2.981066e-02 9.973039e-01 -6.705415e-02 -1.598546e+01 -8.086802e-01 1.536519e-02 5.880478e-01 2.387380e+02
5.415734e-01 7.967001e-02 8.368697e-01 -2.236552e+01 -3.379118e-02 9.967576e-01 -7.302365e-02 -1.618290e+01 -8.399741e-01 1.126886e-02 5.425096e-01 2.404173e+02
4.944920e-01 8.352131e-02 8.651600e-01 -1.981779e+01 -3.295240e-02 9.964583e-01 -7.736234e-02 -1.639206e+01 -8.685574e-01 9.745962e-03 4.954929e-01 2.419839e+02
4.445884e-01 9.038295e-02 8.911633e-01 -1.718211e+01 -2.922670e-02 9.958302e-01 -8.641762e-02 -1.662936e+01 -8.952581e-01 1.237450e-02 4.453761e-01 2.434050e+02
3.996021e-01 9.537427e-02 9.117137e-01 -1.445862e+01 -2.618579e-02 9.953547e-01 -9.264676e-02 -1.689507e+01 -9.163147e-01 1.314790e-02 4.002432e-01 2.446907e+02
3.576045e-01 9.735020e-02 9.287852e-01 -1.165706e+01 -2.260644e-02 9.951628e-01 -9.560351e-02 -1.717093e+01 -9.335995e-01 1.319172e-02 3.580755e-01 2.458557e+02
3.182596e-01 1.007753e-01 9.426320e-01 -8.797370e+00 -1.715313e-02 9.947832e-01 -1.005593e-01 -1.746081e+01 -9.478484e-01 1.583489e-02 3.183280e-01 2.468926e+02
2.777364e-01 1.068280e-01 9.546990e-01 -5.880280e+00 -1.364783e-02 9.941362e-01 -1.072705e-01 -1.777386e+01 -9.605604e-01 1.676336e-02 2.775658e-01 2.478233e+02
2.387510e-01 1.076327e-01 9.650974e-01 -2.949636e+00 -1.295568e-02 9.941031e-01 -1.076625e-01 -1.810623e+01 -9.709944e-01 1.320105e-02 2.387376e-01 2.486162e+02
1.956326e-01 1.052169e-01 9.750165e-01 8.117237e-03 -1.763752e-02 9.944444e-01 -1.037745e-01 -1.843614e+01 -9.805187e-01 3.104812e-03 1.964015e-01 2.492898e+02
1.529391e-01 1.066872e-01 9.824599e-01 2.949669e+00 -2.022788e-02 9.942852e-01 -1.048225e-01 -1.876433e+01 -9.880286e-01 -3.841622e-03 1.542231e-01 2.498380e+02
1.072188e-01 1.082095e-01 9.883293e-01 5.846881e+00 -2.387985e-02 9.940531e-01 -1.062455e-01 -1.909157e+01 -9.939487e-01 -1.220963e-02 1.091653e-01 2.502422e+02
5.913614e-02 1.024163e-01 9.929823e-01 8.729466e+00 -2.477572e-02 9.945673e-01 -1.011042e-01 -1.940766e+01 -9.979425e-01 -1.862293e-02 6.135231e-02 2.505052e+02
1.162477e-02 9.791621e-02 9.951267e-01 1.156612e+01 -2.372311e-02 9.949409e-01 -9.762079e-02 -1.970636e+01 -9.996510e-01 -2.247268e-02 1.388883e-02 2.506180e+02
-3.408693e-02 9.643399e-02 9.947555e-01 1.435604e+01 -2.037474e-02 9.950600e-01 -9.716168e-02 -1.999081e+01 -9.992112e-01 -2.357983e-02 -3.195372e-02 2.505978e+02
-8.080421e-02 9.671342e-02 9.920268e-01 1.708305e+01 -1.452472e-02 9.950615e-01 -9.819236e-02 -2.027607e+01 -9.966242e-01 -2.234327e-02 -7.900042e-02 2.504387e+02
-1.237413e-01 9.459079e-02 9.877958e-01 1.974618e+01 -1.082472e-02 9.952585e-01 -9.666142e-02 -2.055626e+01 -9.922555e-01 -2.265362e-02 -1.221307e-01 2.501629e+02
-1.641242e-01 1.059669e-01 9.807315e-01 2.234436e+01 -1.070491e-02 9.939635e-01 -1.091880e-01 -2.085172e+01 -9.863816e-01 -2.841903e-02 -1.619991e-01 2.498057e+02
-2.036116e-01 1.130397e-01 9.725041e-01 2.486720e+01 -1.688337e-02 9.927592e-01 -1.189289e-01 -2.115563e+01 -9.789062e-01 -4.063447e-02 -2.002288e-01 2.493437e+02
-2.445418e-01 1.095051e-01 9.634354e-01 2.731925e+01 -2.296573e-02 9.926697e-01 -1.186571e-01 -2.146305e+01 -9.693668e-01 -5.114263e-02 -2.402344e-01 2.488050e+02
-2.812299e-01 1.061143e-01 9.537554e-01 2.971353e+01 -2.474407e-02 9.927353e-01 -1.177474e-01 -2.176801e+01 -9.593214e-01 -5.671388e-02 -2.765612e-01 2.481620e+02
-3.161913e-01 1.051743e-01 9.428475e-01 3.204446e+01 -2.328998e-02 9.926757e-01 -1.185431e-01 -2.206558e+01 -9.484096e-01 -5.944119e-02 -3.114259e-01 2.474516e+02
-3.511001e-01 1.054536e-01 9.303807e-01 3.430052e+01 -2.711778e-02 9.920757e-01 -1.226799e-01 -2.236257e+01 -9.359452e-01 -6.830280e-02 -3.454582e-01 2.466609e+02
-3.824103e-01 9.806064e-02 9.187744e-01 3.649463e+01 -2.466192e-02 9.929151e-01 -1.162384e-01 -2.265534e+01 -9.236635e-01 -6.710951e-02 -3.772826e-01 2.458070e+02
-4.067732e-01 9.166431e-02 9.089187e-01 3.863043e+01 -2.265017e-02 9.936353e-01 -1.103447e-01 -2.292717e+01 -9.132484e-01 -6.547243e-02 -4.021079e-01 2.448991e+02
-4.235496e-01 9.330055e-02 9.010553e-01 4.068626e+01 -2.037671e-02 9.934489e-01 -1.124458e-01 -2.318974e+01 -9.056437e-01 -6.598690e-02 -4.188737e-01 2.439689e+02
-4.348308e-01 9.821550e-02 8.951401e-01 4.269149e+01 -1.995552e-02 9.927394e-01 -1.186179e-01 -2.343808e+01 -9.002910e-01 -6.944173e-02 -4.297138e-01 2.430376e+02
-4.441285e-01 1.040846e-01 8.898967e-01 4.461727e+01 -2.443899e-02 9.914524e-01 -1.281598e-01 -2.373858e+01 -8.956298e-01 -7.866760e-02 -4.377885e-01 2.421058e+02
-4.490188e-01 9.121905e-02 8.888538e-01 4.653788e+01 -2.012417e-02 9.934905e-01 -1.121235e-01 -2.397647e+01 -8.932957e-01 -6.823300e-02 -4.442602e-01 2.411640e+02
-4.499098e-01 8.926913e-02 8.886012e-01 4.841448e+01 -1.956207e-02 9.937679e-01 -1.097387e-01 -2.421632e+01 -8.928597e-01 -6.675541e-02 -4.453597e-01 2.402351e+02
-4.478174e-01 9.305894e-02 8.892691e-01 5.026301e+01 -2.172168e-02 9.931433e-01 -1.148676e-01 -2.446185e+01 -8.938612e-01 -7.075612e-02 -4.427254e-01 2.393230e+02
-4.427505e-01 9.394355e-02 8.917099e-01 5.209738e+01 -2.371826e-02 9.929212e-01 -1.163829e-01 -2.469392e+01 -8.963311e-01 -7.267841e-02 -4.373882e-01 2.384394e+02
-4.348587e-01 9.508173e-02 8.954649e-01 5.390502e+01 -2.672128e-02 9.926096e-01 -1.183732e-01 -2.492726e+01 -9.001022e-01 -7.540356e-02 -4.291042e-01 2.375847e+02
-4.232578e-01 9.377625e-02 9.011431e-01 5.570694e+01 -2.781916e-02 9.928148e-01 -1.163823e-01 -2.515569e+01 -9.055821e-01 -7.432877e-02 -4.176078e-01 2.367477e+02
-4.096294e-01 9.503610e-02 9.072882e-01 5.751405e+01 -2.677053e-02 9.928781e-01 -1.160880e-01 -2.539719e+01 -9.118592e-01 -7.184164e-02 -4.041679e-01 2.359303e+02
-3.972666e-01 9.397135e-02 9.128793e-01 5.931770e+01 -2.854555e-02 9.929968e-01 -1.146410e-01 -2.563020e+01 -9.172592e-01 -7.160170e-02 -3.918020e-01 2.351659e+02
-3.849210e-01 9.122867e-02 9.184297e-01 6.113648e+01 -2.932897e-02 9.933913e-01 -1.109667e-01 -2.585668e+01 -9.224834e-01 -6.965000e-02 -3.797015e-01 2.344268e+02
-3.722198e-01 9.337711e-02 9.234355e-01 6.294046e+01 -2.834942e-02 9.933183e-01 -1.118707e-01 -2.607641e+01 -9.277116e-01 -6.781936e-02 -3.670855e-01 2.337147e+02
-3.593640e-01 9.589216e-02 9.282576e-01 6.476047e+01 -3.038311e-02 9.929769e-01 -1.143403e-01 -2.629825e+01 -9.327028e-01 -6.929315e-02 -3.539266e-01 2.330346e+02
-3.473096e-01 9.588706e-02 9.328353e-01 6.657570e+01 -3.359166e-02 9.928479e-01 -1.145625e-01 -2.651474e+01 -9.371487e-01 -7.112416e-02 -3.416046e-01 2.323883e+02
-3.348454e-01 9.337790e-02 9.376348e-01 6.838037e+01 -3.382121e-02 9.932454e-01 -1.109942e-01 -2.672249e+01 -9.416660e-01 -6.887785e-02 -3.294255e-01 2.317610e+02
-3.220964e-01 9.363630e-02 9.420648e-01 7.017990e+01 -3.304037e-02 9.933786e-01 -1.100333e-01 -2.693351e+01 -9.461302e-01 -6.656749e-02 -3.168699e-01 2.311550e+02
-3.065554e-01 9.720796e-02 9.468761e-01 7.199176e+01 -2.957143e-02 9.933188e-01 -1.115497e-01 -2.713854e+01 -9.513934e-01 -6.219665e-02 -3.016327e-01 2.305796e+02
-2.886092e-01 1.011602e-01 9.520879e-01 7.380763e+01 -3.030609e-02 9.929392e-01 -1.146875e-01 -2.736141e+01 -9.569673e-01 -6.195392e-02 -2.835056e-01 2.300551e+02
-2.753159e-01 9.825964e-02 9.563191e-01 7.561387e+01 -3.407146e-02 9.931406e-01 -1.118518e-01 -2.757099e+01 -9.607499e-01 -6.337777e-02 -2.700795e-01 2.295476e+02
-2.686598e-01 9.841764e-02 9.581940e-01 7.743283e+01 -3.536796e-02 9.930878e-01 -1.119182e-01 -2.777522e+01 -9.625856e-01 -6.395729e-02 -2.633220e-01 2.290658e+02
-2.630894e-01 1.007493e-01 9.594965e-01 7.928607e+01 -3.462027e-02 9.929060e-01 -1.137501e-01 -2.797838e+01 -9.641501e-01 -6.314447e-02 -2.577351e-01 2.285777e+02
-2.567157e-01 1.023180e-01 9.610557e-01 8.116619e+01 -3.230657e-02 9.929163e-01 -1.143397e-01 -2.819545e+01 -9.659469e-01 -6.040120e-02 -2.515916e-01 2.280905e+02
-2.498203e-01 1.020281e-01 9.629019e-01 8.306363e+01 -3.187918e-02 9.930274e-01 -1.134911e-01 -2.840859e+01 -9.677673e-01 -5.904890e-02 -2.448259e-01 2.276198e+02
-2.420238e-01 9.922213e-02 9.651836e-01 8.497441e+01 -2.806266e-02 9.936255e-01 -1.091828e-01 -2.862069e+01 -9.698644e-01 -5.351046e-02 -2.376966e-01 2.271548e+02
-2.299686e-01 1.026876e-01 9.677653e-01 8.687556e+01 -2.639900e-02 9.933935e-01 -1.116801e-01 -2.883558e+01 -9.728400e-01 -5.123094e-02 -2.257385e-01 2.267047e+02
-2.165736e-01 1.025735e-01 9.708627e-01 8.880874e+01 -2.537848e-02 9.935375e-01 -1.106304e-01 -2.905200e+01 -9.759364e-01 -4.859865e-02 -2.125709e-01 2.262814e+02
-1.988748e-01 1.034887e-01 9.745454e-01 9.074285e+01 -2.207357e-02 9.936836e-01 -1.100256e-01 -2.926501e+01 -9.797763e-01 -4.339302e-02 -1.953343e-01 2.258891e+02
-1.769171e-01 1.051739e-01 9.785902e-01 9.268268e+01 -1.861987e-02 9.937385e-01 -1.101682e-01 -2.947921e+01 -9.840497e-01 -3.771185e-02 -1.738510e-01 2.255393e+02
-1.537292e-01 1.028078e-01 9.827501e-01 9.464287e+01 -1.794409e-02 9.941182e-01 -1.068040e-01 -2.969022e+01 -9.879501e-01 -3.405344e-02 -1.509802e-01 2.252359e+02
-1.320423e-01 1.048385e-01 9.856844e-01 9.659308e+01 -2.255579e-02 9.938159e-01 -1.087249e-01 -2.990686e+01 -9.909875e-01 -3.658918e-02 -1.288610e-01 2.249903e+02
-1.106630e-01 1.046946e-01 9.883282e-01 9.855856e+01 -2.735962e-02 9.937383e-01 -1.083312e-01 -3.011844e+01 -9.934814e-01 -3.902853e-02 -1.071056e-01 2.247891e+02
-9.222998e-02 1.025826e-01 9.904395e-01 1.005184e+02 -2.898642e-02 9.939810e-01 -1.056486e-01 -3.032035e+01 -9.953158e-01 -3.845326e-02 -8.870134e-02 2.246103e+02
-7.498201e-02 1.001378e-01 9.921442e-01 1.024677e+02 -3.042407e-02 9.942522e-01 -1.026499e-01 -3.052271e+01 -9.967207e-01 -3.788195e-02 -7.150442e-02 2.244784e+02
-5.838232e-02 1.007427e-01 9.931980e-01 1.044105e+02 -3.163504e-02 9.942087e-01 -1.027048e-01 -3.072586e+01 -9.977930e-01 -3.741600e-02 -5.485721e-02 2.243768e+02
-4.100355e-02 1.016288e-01 9.939770e-01 1.063506e+02 -3.341161e-02 9.941178e-01 -1.030214e-01 -3.091848e+01 -9.986002e-01 -3.743462e-02 -3.736677e-02 2.243094e+02
-2.249503e-02 9.920511e-02 9.948127e-01 1.082787e+02 -3.400429e-02 9.944128e-01 -9.993415e-02 -3.111402e+01 -9.991685e-01 -3.607592e-02 -1.899595e-02 2.242813e+02
-4.097714e-03 9.293489e-02 9.956637e-01 1.101871e+02 -3.487925e-02 9.950530e-01 -9.302143e-02 -3.129870e+01 -9.993832e-01 -3.510917e-02 -8.359432e-04 2.242887e+02
1.546118e-02 9.128850e-02 9.957044e-01 1.121005e+02 -3.702521e-02 9.951928e-01 -9.066667e-02 -3.147398e+01 -9.991948e-01 -3.546435e-02 1.876683e-02 2.243316e+02
3.375935e-02 8.918750e-02 9.954425e-01 1.139844e+02 -3.941635e-02 9.953542e-01 -8.784282e-02 -3.163887e+01 -9.986525e-01 -3.627119e-02 3.711796e-02 2.244102e+02
5.228827e-02 8.894805e-02 9.946628e-01 1.158612e+02 -4.028530e-02 9.954025e-01 -8.689644e-02 -3.180706e+01 -9.978192e-01 -3.552662e-02 5.563117e-02 2.245266e+02
7.124036e-02 8.909923e-02 9.934717e-01 1.177334e+02 -4.133499e-02 9.954106e-01 -8.630904e-02 -3.196531e+01 -9.966024e-01 -3.491646e-02 7.459632e-02 2.246758e+02
8.835730e-02 8.545188e-02 9.924167e-01 1.196046e+02 -4.221009e-02 9.957397e-01 -8.197994e-02 -3.212704e+01 -9.951941e-01 -3.464648e-02 9.158780e-02 2.248552e+02
9.905885e-02 8.042553e-02 9.918261e-01 1.214808e+02 -4.383599e-02 9.961135e-01 -7.639506e-02 -3.227555e+01 -9.941156e-01 -3.591007e-02 1.021994e-01 2.250595e+02
1.061950e-01 7.389416e-02 9.915958e-01 1.233623e+02 -4.436108e-02 9.965940e-01 -6.951578e-02 -3.240971e+01 -9.933553e-01 -3.660604e-02 1.091113e-01 2.252833e+02
1.104916e-01 7.165914e-02 9.912903e-01 1.252417e+02 -4.485131e-02 9.967408e-01 -6.705390e-02 -3.254715e+01 -9.928646e-01 -3.705178e-02 1.133455e-01 2.255201e+02
1.145046e-01 7.452701e-02 9.906232e-01 1.271391e+02 -4.436049e-02 9.965709e-01 -6.984690e-02 -3.268058e+01 -9.924318e-01 -3.594674e-02 1.174180e-01 2.257449e+02
1.183489e-01 7.158215e-02 9.903885e-01 1.290436e+02 -4.160839e-02 9.968797e-01 -6.707921e-02 -3.281270e+01 -9.921000e-01 -3.326972e-02 1.209580e-01 2.259889e+02
1.211311e-01 6.611983e-02 9.904319e-01 1.309610e+02 -3.904042e-02 9.973244e-01 -6.180527e-02 -3.293646e+01 -9.918685e-01 -3.118034e-02 1.233883e-01 2.262323e+02
1.232076e-01 6.170181e-02 9.904609e-01 1.328893e+02 -3.805278e-02 9.976250e-01 -5.741456e-02 -3.304968e+01 -9.916511e-01 -3.061588e-02 1.252629e-01 2.264833e+02
1.245293e-01 6.023031e-02 9.903861e-01 1.348161e+02 -3.935867e-02 9.976701e-01 -5.572440e-02 -3.315208e+01 -9.914350e-01 -3.204096e-02 1.266098e-01 2.267438e+02
1.258989e-01 5.595316e-02 9.904638e-01 1.367735e+02 -3.922850e-02 9.979080e-01 -5.138732e-02 -3.325131e+01 -9.912672e-01 -3.238480e-02 1.278305e-01 2.270121e+02
1.274899e-01 5.161730e-02 9.904958e-01 1.387333e+02 -3.858909e-02 9.981469e-01 -4.704909e-02 -3.335397e+01 -9.910889e-01 -3.222404e-02 1.292455e-01 2.272744e+02
1.302436e-01 4.829154e-02 9.903052e-01 1.406891e+02 -3.847022e-02 9.983071e-01 -4.362220e-02 -3.344175e+01 -9.907354e-01 -3.241575e-02 1.318809e-01 2.275480e+02
1.348089e-01 4.374065e-02 9.899057e-01 1.426427e+02 -3.709161e-02 9.985478e-01 -3.907125e-02 -3.352646e+01 -9.901772e-01 -3.145004e-02 1.362355e-01 2.278192e+02
1.403699e-01 4.130733e-02 9.892370e-01 1.445810e+02 -3.711783e-02 9.986465e-01 -3.643333e-02 -3.359845e+01 -9.894032e-01 -3.160419e-02 1.417132e-01 2.281115e+02
1.494066e-01 3.510841e-02 9.881523e-01 1.465253e+02 -3.369582e-02 9.989697e-01 -3.039801e-02 -3.367087e+01 -9.882016e-01 -2.875494e-02 1.504357e-01 2.284132e+02
1.634657e-01 3.244842e-02 9.860152e-01 1.484489e+02 -3.104741e-02 9.991331e-01 -2.773294e-02 -3.374081e+01 -9.860604e-01 -2.607984e-02 1.643314e-01 2.287312e+02
1.786993e-01 3.244078e-02 9.833687e-01 1.503527e+02 -3.153747e-02 9.991316e-01 -2.722975e-02 -3.379408e+01 -9.833982e-01 -2.614702e-02 1.795672e-01 2.290849e+02
1.941898e-01 2.713567e-02 9.805885e-01 1.522680e+02 -3.089738e-02 9.992906e-01 -2.153448e-02 -3.383856e+01 -9.804773e-01 -2.611584e-02 1.948905e-01 2.294812e+02
2.129920e-01 2.546324e-02 9.767220e-01 1.541818e+02 -2.679845e-02 9.994365e-01 -2.021152e-02 -3.388670e+01 -9.766864e-01 -2.186974e-02 2.135544e-01 2.298966e+02
2.357474e-01 2.504123e-02 9.714917e-01 1.560844e+02 -2.476213e-02 9.994982e-01 -1.975422e-02 -3.392389e+01 -9.714989e-01 -1.939920e-02 2.362491e-01 2.303617e+02
2.595146e-01 2.173471e-02 9.654946e-01 1.579909e+02 -2.358662e-02 9.995911e-01 -1.616245e-02 -3.395764e+01 -9.654512e-01 -1.857836e-02 2.599211e-01 2.308766e+02
2.823802e-01 1.822898e-02 9.591293e-01 1.599004e+02 -2.287789e-02 9.996630e-01 -1.226380e-02 -3.398455e+01 -9.590298e-01 -1.847979e-02 2.827021e-01 2.314394e+02
3.050437e-01 1.246012e-02 9.522568e-01 1.618199e+02 -2.438822e-02 9.996887e-01 -5.268290e-03 -3.399878e+01 -9.520261e-01 -2.161679e-02 3.052526e-01 2.320671e+02
3.279811e-01 2.383467e-03 9.446813e-01 1.637495e+02 -1.677751e-02 9.998538e-01 3.302263e-03 -3.399246e+01 -9.445353e-01 -1.693248e-02 3.279731e-01 2.327259e+02
3.542422e-01 -1.188146e-03 9.351529e-01 1.656613e+02 -9.919008e-03 9.999382e-01 5.027844e-03 -3.399088e+01 -9.351011e-01 -1.105686e-02 3.542086e-01 2.334402e+02
3.803178e-01 -6.820122e-03 9.248307e-01 1.675905e+02 -6.514643e-03 9.999282e-01 1.005294e-02 -3.397377e+01 -9.248329e-01 -9.848251e-03 3.802461e-01 2.342274e+02
4.058925e-01 -1.097830e-02 9.138548e-01 1.695105e+02 -4.493943e-03 9.998918e-01 1.400788e-02 -3.395388e+01 -9.139098e-01 -9.792506e-03 4.057993e-01 2.350791e+02
4.310569e-01 -1.456389e-02 9.022072e-01 1.714138e+02 -2.011551e-03 9.998517e-01 1.710120e-02 -3.392577e+01 -9.023225e-01 -9.186423e-03 4.309637e-01 2.359833e+02
4.543111e-01 -1.514700e-02 8.907143e-01 1.733073e+02 -3.331956e-03 9.998196e-01 1.870185e-02 -3.389362e+01 -8.908369e-01 -1.146428e-02 4.541787e-01 2.369438e+02
4.716305e-01 -1.398881e-02 8.816853e-01 1.751888e+02 -6.705484e-03 9.997884e-01 1.944952e-02 -3.385613e+01 -8.817708e-01 -1.508512e-02 4.714369e-01 2.379587e+02
4.884619e-01 -1.089234e-02 8.725172e-01 1.770692e+02 -1.326894e-02 9.997138e-01 1.990859e-02 -3.381602e+01 -8.724844e-01 -2.130196e-02 4.881776e-01 2.390211e+02
5.035868e-01 -1.175284e-02 8.638646e-01 1.789524e+02 -2.055590e-02 9.994614e-01 2.558061e-02 -3.376640e+01 -8.637001e-01 -3.063958e-02 5.030740e-01 2.401313e+02
5.169423e-01 -1.048335e-02 8.559560e-01 1.808160e+02 -2.846429e-02 9.991615e-01 2.942787e-02 -3.371018e+01 -8.555469e-01 -3.957669e-02 5.162105e-01 2.412834e+02
5.246610e-01 -7.569807e-03 8.512776e-01 1.826875e+02 -3.130106e-02 9.991128e-01 2.817592e-02 -3.364584e+01 -8.507357e-01 -4.142870e-02 5.239585e-01 2.424502e+02
5.280522e-01 4.753353e-03 8.491986e-01 1.845711e+02 -3.814966e-02 9.991076e-01 1.812992e-02 -3.360456e+01 -8.483546e-01 -4.197018e-02 5.277623e-01 2.436360e+02
5.296757e-01 5.977130e-03 8.481791e-01 1.864647e+02 -4.094036e-02 9.989898e-01 1.852677e-02 -3.355772e+01 -8.472116e-01 -4.453794e-02 5.293853e-01 2.448281e+02
5.310637e-01 4.545950e-03 8.473197e-01 1.883803e+02 -3.949495e-02 9.990315e-01 1.939384e-02 -3.351575e+01 -8.464110e-01 -4.376422e-02 5.307289e-01 2.460428e+02
5.330391e-01 5.137514e-03 8.460750e-01 1.903062e+02 -3.785573e-02 9.991250e-01 1.778277e-02 -3.347911e+01 -8.452434e-01 -4.150770e-02 5.327671e-01 2.472671e+02
5.374628e-01 4.891717e-03 8.432732e-01 1.922268e+02 -3.650627e-02 9.991807e-01 1.747127e-02 -3.344212e+01 -8.424969e-01 -4.017492e-02 5.372010e-01 2.485019e+02
5.463126e-01 2.634925e-03 8.375772e-01 1.941558e+02 -3.399509e-02 9.992408e-01 1.902991e-02 -3.340936e+01 -8.368912e-01 -3.886980e-02 5.459874e-01 2.497558e+02
5.634539e-01 9.299126e-04 8.261470e-01 1.960571e+02 -3.080597e-02 9.993276e-01 1.988563e-02 -3.337514e+01 -8.255730e-01 -3.665489e-02 5.631036e-01 2.510439e+02
5.840878e-01 3.501036e-05 8.116904e-01 1.979195e+02 -2.941609e-02 9.993440e-01 2.112454e-02 -3.333765e+01 -8.111573e-01 -3.621535e-02 5.837057e-01 2.523753e+02
6.049687e-01 1.431187e-04 7.962492e-01 1.997248e+02 -3.121731e-02 9.992354e-01 2.353846e-02 -3.328895e+01 -7.956371e-01 -3.909679e-02 6.045106e-01 2.537535e+02
6.257551e-01 -2.603172e-03 7.800152e-01 2.015054e+02 -2.880926e-02 9.992350e-01 2.644656e-02 -3.324508e+01 -7.794874e-01 -3.902074e-02 6.252014e-01 2.551649e+02
6.474192e-01 -2.599589e-03 7.621296e-01 2.032229e+02 -2.904942e-02 9.991833e-01 2.808527e-02 -3.319584e+01 -7.615803e-01 -4.032236e-02 6.468150e-01 2.566254e+02
6.671720e-01 1.087046e-03 7.449029e-01 2.048767e+02 -3.264101e-02 9.990811e-01 2.777693e-02 -3.315133e+01 -7.441883e-01 -4.284638e-02 6.665944e-01 2.581281e+02
6.828317e-01 7.515036e-03 7.305371e-01 2.064934e+02 -4.089486e-02 9.987725e-01 2.794998e-02 -3.309977e+01 -7.294303e-01 -4.896035e-02 6.823008e-01 2.596745e+02
6.923390e-01 9.178994e-03 7.215139e-01 2.080819e+02 -4.284721e-02 9.986776e-01 2.840962e-02 -3.303913e+01 -7.202991e-01 -5.058395e-02 6.918168e-01 2.612258e+02
6.998556e-01 8.370775e-03 7.142352e-01 2.096696e+02 -4.048353e-02 9.987889e-01 2.796276e-02 -3.298441e+01 -7.131362e-01 -4.848466e-02 6.993469e-01 2.627832e+02
7.071657e-01 6.438239e-03 7.070185e-01 2.112427e+02 -3.604510e-02 9.989866e-01 2.695564e-02 -3.293455e+01 -7.061285e-01 -4.454666e-02 7.066811e-01 2.643588e+02
7.148776e-01 8.709336e-03 6.991954e-01 2.127720e+02 -3.544885e-02 9.990881e-01 2.379906e-02 -3.289195e+01 -6.983505e-01 -4.179909e-02 7.145344e-01 2.659351e+02
7.241928e-01 1.038687e-02 6.895193e-01 2.142946e+02 -3.745950e-02 9.990028e-01 2.429430e-02 -3.284697e+01 -6.885794e-01 -4.342280e-02 7.238597e-01 2.675474e+02
7.340264e-01 8.878618e-03 6.790628e-01 2.157870e+02 -3.920980e-02 9.988006e-01 2.932432e-02 -3.279234e+01 -6.779881e-01 -4.815074e-02 7.334942e-01 2.691731e+02
7.410262e-01 8.568420e-03 6.714214e-01 2.172437e+02 -3.612588e-02 9.989791e-01 2.712238e-02 -3.274039e+01 -6.705036e-01 -4.435408e-02 7.405792e-01 2.707960e+02
7.451369e-01 6.132981e-03 6.668833e-01 2.186821e+02 -3.058995e-02 9.992196e-01 2.499014e-02 -3.269309e+01 -6.662096e-01 -3.902101e-02 7.447430e-01 2.724188e+02
